%YAML:1.0
calibration_time: "lun. 09 déc. 2013 19:47:22 CET"
nframes: 10
image_width: 1280
image_height: 960
board_width: 9
board_height: 6
square_size: 2.5000000372529030e-02
flags: 0
camera_matrix: !!opencv-matrix
   rows: 3
   cols: 3
   dt: d
   data: [ 1.4326068077280090e+03, 0., 6.3934679362111137e+02, 0.,
       1.4310137270993400e+03, 4.8240584807288985e+02, 0., 0., 1. ]
distortion_coefficients: !!opencv-matrix
   rows: 5
   cols: 1
   dt: d
   data: [ 1.1619694997628397e-03, 4.1678621400891361e-02,
       -7.2895379560681693e-04, 3.7478745425504347e-03,
       3.0212607682014402e-02 ]
avg_reprojection_error: 8.4805478072325213e-01
per_view_reprojection_errors: !!opencv-matrix
   rows: 10
   cols: 1
   dt: f
   data: [ 1.08036745e+00, 9.89322066e-01, 1.02355778e+00,
       7.46920049e-01, 4.87763286e-01, 5.09735763e-01, 4.87763286e-01,
       1.03660142e+00, 1.08036745e+00, 6.80488050e-01 ]
# a set of 6-tuples (rotation vector + translation vector) for each view
extrinsic_parameters: !!opencv-matrix
   rows: 10
   cols: 6
   dt: d
   data: [ -9.0516023746548946e-01, 4.5339700462002752e-01,
       4.5065921245778745e-01, -9.3011935185598568e-02,
       -1.0029998923798555e-01, 5.7393854927152643e-01,
       -8.0768520478045835e-02, -6.0746688769310930e-01,
       -1.3766244510822842e-01, -3.2209208959743697e-02,
       -1.0102913464638855e-01, 3.8573396101828789e-01,
       -6.4026803302888263e-02, -7.2680098247678293e-01,
       -1.4724131398769191e-01, -1.9032697574319059e-02,
       -8.1540595019812714e-02, 3.9470664551785722e-01,
       5.6232261034744515e-03, 4.5965327154783375e-01,
       -9.2931717388488946e-02, -1.3123615094161753e-01,
       -4.4207744406984960e-02, 3.8945073600063923e-01,
       5.2015897509041578e-02, 2.3588770962788985e-01,
       -2.8521922272704205e-02, -1.3718319905283979e-01,
       -8.2959420406048590e-02, 3.7197055186579170e-01,
       -2.3877605076007929e-01, 1.6645958629425425e-01,
       -1.9228620996967268e-02, -1.3849839886307941e-01,
       -5.9106330957994585e-02, 4.5216831983885386e-01,
       5.2015897509041613e-02, 2.3588770962788994e-01,
       -2.8521922272704212e-02, -1.3718319905283979e-01,
       -8.2959420406048590e-02, 3.7197055186579170e-01,
       -8.3787663885657460e-01, 1.2133200785942774e-01,
       -4.8448453900727688e-03, -1.3846382602168592e-01,
       -5.8576396610935839e-02, 4.9420347770126238e-01,
       -9.0516023746548946e-01, 4.5339700462002752e-01,
       4.5065921245778745e-01, -9.3011935185598568e-02,
       -1.0029998923798555e-01, 5.7393854927152643e-01,
       6.3286362389307904e-02, -2.0951750152972962e-01,
       -9.3885890475035524e-02, -1.1382920518423789e-01,
       -8.1187594552951006e-02, 3.4173786621197361e-01 ]
image_points: !!opencv-matrix
   rows: 10
   cols: 54
   dt: "2f"
   data: [ 4.07568298e+02, 2.31594101e+02, 4.53595245e+02,
       2.36347290e+02, 5.02403198e+02, 2.43223770e+02, 5.54320862e+02,
       2.49374771e+02, 6.08286011e+02, 2.56654236e+02, 6.65204102e+02,
       2.63361542e+02, 7.25658630e+02, 2.70279999e+02, 7.88982422e+02,
       2.77602692e+02, 8.57001221e+02, 2.85380554e+02, 3.65748901e+02,
       2.58757141e+02, 4.12425476e+02, 2.65390045e+02, 4.61495789e+02,
       2.72153778e+02, 5.13524963e+02, 2.79401550e+02, 5.67942383e+02,
       2.87093353e+02, 6.25376831e+02, 2.93862579e+02, 6.86882385e+02,
       3.02052673e+02, 7.51444702e+02, 3.10425171e+02, 8.20370361e+02,
       3.18665009e+02, 3.21782715e+02, 2.88054230e+02, 3.68412262e+02,
       2.95436920e+02, 4.17669556e+02, 3.03232880e+02, 4.69968506e+02,
       3.10805237e+02, 5.24781433e+02, 3.18706512e+02, 5.82813965e+02,
       3.26887238e+02, 6.45061523e+02, 3.35731781e+02, 7.10504639e+02,
       3.44932648e+02, 7.81163696e+02, 3.55949951e+02, 2.75004974e+02,
       3.19451080e+02, 3.21763733e+02, 3.27732849e+02, 3.71379913e+02,
       3.37239227e+02, 4.23876099e+02, 3.45842743e+02, 4.79127655e+02,
       3.54248169e+02, 5.37732544e+02, 3.63911987e+02, 6.01132874e+02,
       3.75298676e+02, 6.67501709e+02, 3.85559174e+02, 7.38948792e+02,
       3.97826752e+02, 2.25331253e+02, 3.51929413e+02, 2.72490753e+02,
       3.61951202e+02, 3.22345367e+02, 3.72403564e+02, 3.74907562e+02,
       3.82551361e+02, 4.30768005e+02, 3.93075073e+02, 4.90152557e+02,
       4.04585052e+02, 5.54169434e+02, 4.17571075e+02, 6.21385254e+02,
       4.30132538e+02, 6.93927063e+02, 4.43764252e+02, 1.72327469e+02,
       3.86657959e+02, 2.19498688e+02, 3.98026825e+02, 2.69324768e+02,
       4.10039703e+02, 3.22446808e+02, 4.21940948e+02, 3.78434448e+02,
       4.33866608e+02, 4.38449799e+02, 4.47696869e+02, 5.03336426e+02,
       4.62441528e+02, 5.71436523e+02, 4.77274475e+02, 6.45183960e+02,
       4.92987152e+02, 5.20974548e+02, 1.07159424e+02, 5.97761597e+02,
       1.10705345e+02, 6.68542175e+02, 1.14901436e+02, 7.35437500e+02,
       1.18421425e+02, 7.97140564e+02, 1.21983467e+02, 8.55697754e+02,
       1.25113998e+02, 9.11217712e+02, 1.27721260e+02, 9.63071411e+02,
       1.30255295e+02, 1.01191248e+03, 1.32629623e+02, 5.35017700e+02,
       1.98043228e+02, 6.10674683e+02, 1.98866608e+02, 6.81794800e+02,
       1.99579330e+02, 7.48464050e+02, 2.00243347e+02, 8.10383301e+02,
       2.00953186e+02, 8.69522095e+02, 2.01286545e+02, 9.24581177e+02,
       2.01673691e+02, 9.76252014e+02, 2.02094070e+02, 1.02560693e+03,
       2.02129028e+02, 5.48871643e+02, 2.90016937e+02, 6.24379272e+02,
       2.87522400e+02, 6.95096375e+02, 2.85085205e+02, 7.61874451e+02,
       2.82587982e+02, 8.24377563e+02, 2.80336548e+02, 8.83149719e+02,
       2.78252716e+02, 9.38487244e+02, 2.76127197e+02, 9.90235840e+02,
       2.74284729e+02, 1.03851746e+03, 2.72647675e+02, 5.62466675e+02,
       3.82153046e+02, 6.37678162e+02, 3.76324646e+02, 7.07680298e+02,
       3.71054016e+02, 7.74365540e+02, 3.65636658e+02, 8.37074768e+02,
       3.60655731e+02, 8.95461914e+02, 3.56143677e+02, 9.49799927e+02,
       3.51852631e+02, 1.00174164e+03, 3.47611664e+02, 1.05019312e+03,
       3.43758606e+02, 5.76546936e+02, 4.73891052e+02, 6.50921936e+02,
       4.64867065e+02, 7.20702820e+02, 4.56544312e+02, 7.87056458e+02,
       4.48382019e+02, 8.48741516e+02, 4.40788696e+02, 9.06657837e+02,
       4.33932556e+02, 9.60987793e+02, 4.27377411e+02, 1.01232611e+03,
       4.21002197e+02, 1.06095483e+03, 4.14965027e+02, 5.90650208e+02,
       5.66341980e+02, 6.64663330e+02, 5.53973328e+02, 7.34015686e+02,
       5.42576599e+02, 7.99846680e+02, 5.31682312e+02, 8.61448608e+02,
       5.21487610e+02, 9.18620178e+02, 5.12142029e+02, 9.72596130e+02,
       5.03024017e+02, 1.02368231e+03, 4.94524445e+02, 1.07233069e+03,
       4.86455383e+02, 5.71373535e+02, 1.86315811e+02, 6.38487122e+02,
       1.88243408e+02, 6.99238342e+02, 1.90729309e+02, 7.56271179e+02,
       1.92774277e+02, 8.08351624e+02, 1.94812927e+02, 8.57552246e+02,
       1.96509018e+02, 9.03948547e+02, 1.97850128e+02, 9.46761902e+02,
       1.99166931e+02, 9.87220459e+02, 2.00486755e+02, 5.85652466e+02,
       2.75814270e+02, 6.51314453e+02, 2.74407532e+02, 7.12434143e+02,
       2.73243744e+02, 7.68935242e+02, 2.71958527e+02, 8.21313904e+02,
       2.71017700e+02, 8.70938660e+02, 2.69744263e+02, 9.16804565e+02,
       2.68798462e+02, 9.59432312e+02, 2.67798157e+02, 1.00010449e+03,
       2.66701233e+02, 5.99587463e+02, 3.65685333e+02, 6.64786804e+02,
       3.60632446e+02, 7.25430664e+02, 3.56195160e+02, 7.82338440e+02,
       3.51541962e+02, 8.34861572e+02, 3.47503754e+02, 8.84150330e+02,
       3.43570831e+02, 9.30118164e+02, 3.40018402e+02, 9.72825378e+02,
       3.36601776e+02, 1.01220270e+03, 3.33604492e+02, 6.13230957e+02,
       4.55661438e+02, 6.78012268e+02, 4.46858887e+02, 7.37576111e+02,
       4.39190796e+02, 7.94220581e+02, 4.31474365e+02, 8.47116272e+02,
       4.24451904e+02, 8.95753540e+02, 4.18039703e+02, 9.40661865e+02,
       4.12020996e+02, 9.83526062e+02, 4.06315887e+02, 1.02294257e+03,
       4.00852295e+02, 6.27376770e+02, 5.44894409e+02, 6.91241943e+02,
