%YAML:1.0
calibration_time: "lun. 09 déc. 2013 20:21:00 CET"
nframes: 22
image_width: 1280
image_height: 960
board_width: 9
board_height: 6
square_size: 1.
flags: 0
camera_matrix: !!opencv-matrix
   rows: 3
   cols: 3
   dt: d
   data: [ 1.4286427958358727e+03, 0., 6.4285791889812731e+02, 0.,
       1.4272229524239563e+03, 4.8620792217094595e+02, 0., 0., 1. ]
distortion_coefficients: !!opencv-matrix
   rows: 5
   cols: 1
   dt: d
   data: [ -3.8520503859777684e-02, 5.5052317863990541e-01,
       -6.9066152879894286e-04, 4.8878151398107491e-03,
       -1.7941748172555274e+00 ]
avg_reprojection_error: 8.0833846794435360e-01
per_view_reprojection_errors: !!opencv-matrix
   rows: 22
   cols: 1
   dt: f
   data: [ 1.07295167e+00, 1.02796066e+00, 1.05317676e+00,
       7.40000010e-01, 4.86459494e-01, 5.09333789e-01, 4.86459494e-01,
       1.02608204e+00, 1.07295167e+00, 6.75767720e-01, 9.84374881e-01,
       7.40000010e-01, 6.77410424e-01, 4.86459494e-01, 5.09333789e-01,
       1.03243339e+00, 1.02608204e+00, 1.07295167e+00, 6.75767720e-01,
       5.05692303e-01, 5.38063169e-01, 6.11118913e-01 ]
# a set of 6-tuples (rotation vector + translation vector) for each view
extrinsic_parameters: !!opencv-matrix
   rows: 22
   cols: 6
   dt: d
   data: [ -9.0310955284159689e-01, 4.4988990527975153e-01,
       4.4990551297514447e-01, -3.7794614646015954e+00,
       -4.0732726251559770e+00, 2.2871787047030324e+01,
       -7.8768609164670864e-02, -6.0920563036368192e-01,
       -1.3893097341468191e-01, -1.3282642825903512e+00,
       -4.0814622273341774e+00, 1.5366146418841913e+01,
       -6.1770384868842010e-02, -7.2843387027717954e-01,
       -1.4858672055741651e-01, -8.0184795235255601e-01,
       -3.3028770636864291e+00, 1.5723699580283370e+01,
       7.6576194291812279e-03, 4.5633844365020609e-01,
       -9.2178440644979862e-02, -5.2901176378763051e+00,
       -1.8090547533492172e+00, 1.5511399710629700e+01,
       5.4030975340472395e-02, 2.3190677625585163e-01,
       -2.8134295423216046e-02, -5.5259084468829736e+00,
       -3.3572799107745936e+00, 1.4807691034235258e+01,
       -2.3725236332758923e-01, 1.6315475737479290e-01,
       -1.9275961392960117e-02, -5.5854296012676388e+00,
       -2.4116725208830880e+00, 1.8005704477780554e+01,
       5.4030975340472444e-02, 2.3190677625585160e-01,
       -2.8134295423216046e-02, -5.5259084468829736e+00,
       -3.3572799107745936e+00, 1.4807691034235258e+01,
       -8.3539002587263023e-01, 1.1856412522396090e-01,
       -5.8046748593935295e-03, -5.5884459465977452e+00,
       -2.3953919756374584e+00, 1.9685306631049766e+01,
       -9.0310955284159689e-01, 4.4988990527975159e-01,
       4.4990551297514447e-01, -3.7794614646015958e+00,
       -4.0732726251559779e+00, 2.2871787047030327e+01,
       6.3961677754341223e-02, -2.1118376700926289e-01,
       -9.4233807690990462e-02, -4.5890025891106792e+00,
       -3.2843333848476748e+00, 1.3609447589829839e+01,
       5.2692955814596557e-02, 5.7474731531576684e-01,
       -5.7887657372265769e-02, -5.2840239897899659e+00,
       -2.5198126185495013e+00, 1.5156451588958692e+01,
       7.6576194291812080e-03, 4.5633844365020615e-01,
       -9.2178440644979862e-02, -5.2901176378763051e+00,
       -1.8090547533492172e+00, 1.5511399710629702e+01,
       2.0367589696925540e-02, 4.1090570097246132e-01,
       -8.0973270514360221e-02, -5.3545491388904205e+00,
       -2.4501465943654432e+00, 1.5568356988238621e+01,
       5.4030975340472430e-02, 2.3190677625585163e-01,
       -2.8134295423216046e-02, -5.5259084468829736e+00,
       -3.3572799107745936e+00, 1.4807691034235258e+01,
       -2.3725236332758923e-01, 1.6315475737479290e-01,
       -1.9275961392960117e-02, -5.5854296012676388e+00,
       -2.4116725208830880e+00, 1.8005704477780554e+01,
       -8.0401633278547080e-01, 9.1792798327276742e-02,
       -1.3179382122400976e-01, -7.1387416524675569e+00,
       -2.1056282713690573e+00, 1.9121641855631452e+01,
       -8.3539002587263012e-01, 1.1856412522396086e-01,
       -5.8046748593935651e-03, -5.5884459465977461e+00,
       -2.3953919756374589e+00, 1.9685306631049766e+01,
       -9.0310955284159689e-01, 4.4988990527975148e-01,
       4.4990551297514447e-01, -3.7794614646015954e+00,
       -4.0732726251559770e+00, 2.2871787047030324e+01,
       6.3961677754341376e-02, -2.1118376700926270e-01,
       -9.4233807690990476e-02, -4.5890025891106800e+00,
       -3.2843333848476743e+00, 1.3609447589829841e+01,
       -4.0971295106934230e-02, -6.8869665452387796e-01,
       3.0316369449607663e+00, 2.8630591600445365e+00,
       4.2778022199760146e+00, 1.9117156664602089e+01,
       1.1991687973605850e-01, 9.8420464858571632e-01,
       -2.9640520966006232e+00, 5.1897028598023933e+00,
       3.3918777718469135e+00, 1.8646669360815629e+01,
       -2.6022568246866710e-02, -9.4584853033449556e-01,
       2.9213649797868939e+00, 3.4415648792749463e+00,
       2.9867071505316991e+00, 1.7600236499155535e+01 ]
